+-------------+
| AMKA        |
+-------------+
| 11015001275 |
| 11015001337 |
| 11015001382 |
| 11015001863 |
| 11015002336 |
| 11015002595 |
| 11015003022 |
| 11015003086 |
| 11015003157 |
| 11015003200 |
| 11015003451 |
| 11015003576 |
| 11015003610 |
| 11015003736 |
| 11015003932 |
| 11015004165 |
| 11015004254 |
| 11015004762 |
| 11015004799 |
| 11015004888 |
| 11015005351 |
| 11015005798 |
| 11015006591 |
| 11015006671 |
| 11015006751 |
| 11015007359 |
| 11015007536 |
| 11015007670 |
| 11015007938 |
| 11015007965 |
| 11015008447 |
| 11015008740 |
| 11015008777 |
| 11015009749 |
| 11015009847 |
| 11015010345 |
| 11015010700 |
| 11015011013 |
| 11015011442 |
| 11015011488 |
| 11015011825 |
| 11015012138 |
| 11015012227 |
| 11015012469 |
| 11015012548 |
| 11015013789 |
| 11015014127 |
| 11015014289 |
| 11015015028 |
| 11015015206 |
| 11015015395 |
| 11015015536 |
| 11015015607 |
| 11015015705 |
| 11015016161 |
| 11015016223 |
| 11015016429 |
| 11015016447 |
| 11015016946 |
| 11015017286 |
| 11015018383 |
| 11015018490 |
| 11015018604 |
| 11015019015 |
| 11015019596 |
| 11015020423 |
| 11015020593 |
| 11015021217 |
| 11015021903 |
| 11015021985 |
| 11015022323 |
| 11015022458 |
| 11015022813 |
| 11015023590 |
| 11015024198 |
| 11015024786 |
| 11015025259 |
| 11015025311 |
| 11015025801 |
| 11015026221 |
| 11015026953 |
| 11015026999 |
| 11015027658 |
| 11015028014 |
| 11015028853 |
| 11015029665 |
| 11015029905 |
| 11015030092 |
| 11015030145 |
| 11015030181 |
| 11015030617 |
| 11015030831 |
| 11015031215 |
| 11015031411 |
| 11015032054 |
| 11015032367 |
| 11015032401 |
| 11015032456 |
| 11015033188 |
| 11015033428 |
| 11015033552 |
| 11015033614 |
| 11015033972 |
| 11015034819 |
| 11015034828 |
| 11015035499 |
| 11015035694 |
| 11015035765 |
| 11015035872 |
| 11015036504 |
| 11015036871 |
| 11015037200 |
| 11015037317 |
| 11015037399 |
| 11015037601 |
| 11015037674 |
| 11015037754 |
| 11015038307 |
| 11015038469 |
| 11015038487 |
| 11015038780 |
| 11015039066 |
| 11015040027 |
| 11015040312 |
| 11015040731 |
| 11015040946 |
| 11015041589 |
| 11015041650 |
| 11015041669 |
| 11015041990 |
| 11015042427 |
| 11015042490 |
| 11015042597 |
| 11015043113 |
| 11015043337 |
| 11015044452 |
| 11015044951 |
| 11015045585 |
| 11015046272 |
| 11015046423 |
| 11015046441 |
| 11015046806 |
| 11015047342 |
| 11015047725 |
| 11015047985 |
| 11015048537 |
| 11015048804 |
| 11015049778 |
| 11015049983 |
| 11015050328 |
| 11015050587 |
| 11015050998 |
| 11015051194 |
| 11015051979 |
| 11015052022 |
| 11015052273 |
| 11015052371 |
| 11015052923 |
| 11015054538 |
| 11015054592 |
| 11015054930 |
| 11015054967 |
| 11015055957 |
| 11015056171 |
| 11015056224 |
| 11015057517 |
| 11015057679 |
| 11015058240 |
| 11015058632 |
| 11015058767 |
| 11015059301 |
| 11015059551 |
| 11015060219 |
| 11015061156 |
| 11015061245 |
| 11015062315 |
| 11015063270 |
| 11015063289 |
| 11015063751 |
| 11015063895 |
| 11015064821 |
| 11015065483 |
| 11015065571 |
| 11015065624 |
| 11015066151 |
| 11015066384 |
| 11015066455 |
| 11015066473 |
| 11015066543 |
| 11015066730 |
| 11015067043 |
| 11015067695 |
| 11015067720 |
| 11015067800 |
| 11015068550 |
| 11015068792 |
| 11015068907 |
| 11015069292 |
| 11015069746 |
| 11015069871 |
| 11015070182 |
| 11015070397 |
| 11015070645 |
| 11015070805 |
| 11015071127 |
| 11015071485 |
| 11015071494 |
| 11015071591 |
| 11015071644 |
| 11015071671 |
| 11015071902 |
| 11015071993 |
| 11015072126 |
| 11015072420 |
| 11015072732 |
| 11015072803 |
| 11015073045 |
| 11015073161 |
| 11015073624 |
| 11015074151 |
| 11015074231 |
| 11015074295 |
| 11015074357 |
| 11015075409 |
| 11015075524 |
| 11015075695 |
| 11015076159 |
| 11015076266 |
| 11015076514 |
| 11015076541 |
| 11015076738 |
| 11015076756 |
| 11015076783 |
| 11015076952 |
| 11015077103 |
| 11015077158 |
| 11015077425 |
| 11015077559 |
| 11015077700 |
| 11015077871 |
| 11015077951 |
| 11015078497 |
| 11015078656 |
| 11015078843 |
| 11015079227 |
| 11015079432 |
| 11015079478 |
| 11015079851 |
| 11015080313 |
| 11015080368 |
| 11015080714 |
| 11015080947 |
| 11015081651 |
| 11015081795 |
| 11015082758 |
| 11015082776 |
| 11015083034 |
| 11015083392 |
| 11015084328 |
| 11015084621 |
| 11015085112 |
| 11015085746 |
| 11015086326 |
| 11015086610 |
| 11015087307 |
| 11015087316 |
| 11015087637 |
| 11015087655 |
| 11015087888 |
| 11015087931 |
| 11015088333 |
| 11015088752 |
| 11015089421 |
| 11015089948 |
| 11015090026 |
| 11015090071 |
| 11015090543 |
| 11015090696 |
| 11015090703 |
| 11015090865 |
| 11015091203 |
| 11015091597 |
| 11015092006 |
| 11015092239 |
| 11015092462 |
| 11015092541 |
| 11015093229 |
| 11015093390 |
| 11015093602 |
| 11015093808 |
| 11015094200 |
| 11015094727 |
| 11015095209 |
| 11015095539 |
| 11015095655 |
| 11015096155 |
| 11015096164 |
| 11015096226 |
| 11015096645 |
| 11015096672 |
| 11015097001 |
| 11015097582 |
| 11015097966 |
| 11015098778 |
| 11015098983 |
| 11015099063 |
| 11015099713 |
| 11015099991 |
| 21015001275 |
| 21015001337 |
| 21015001863 |
| 21015002336 |
| 21015002595 |
| 21015003022 |
| 21015003086 |
| 21015003157 |
| 21015003200 |
| 21015003451 |
| 21015003576 |
| 21015003610 |
| 21015003736 |
| 21015003932 |
| 21015004165 |
| 21015004254 |
| 21015004762 |
| 21015004799 |
| 21015004888 |
| 21015005351 |
| 21015005752 |
| 21015005798 |
| 21015006591 |
| 21015006671 |
| 21015006751 |
| 21015007359 |
| 21015007536 |
| 21015007670 |
| 21015007938 |
| 21015007965 |
| 21015008447 |
| 21015008740 |
| 21015008777 |
| 21015009598 |
| 21015009749 |
| 21015009847 |
| 21015010345 |
| 21015011013 |
| 21015011442 |
| 21015011488 |
| 21015011825 |
| 21015012138 |
| 21015012227 |
| 21015012325 |
| 21015012469 |
| 21015012548 |
| 21015013789 |
| 21015014127 |
| 21015014289 |
| 21015015028 |
| 21015015206 |
| 21015015395 |
| 21015015536 |
| 21015015607 |
| 21015015705 |
| 21015016161 |
| 21015016429 |
| 21015016447 |
| 21015016946 |
| 21015017286 |
| 21015018383 |
| 21015018490 |
| 21015018604 |
| 21015019015 |
| 21015019596 |
| 21015020423 |
| 21015020593 |
| 21015020968 |
| 21015021217 |
| 21015021903 |
| 21015021985 |
| 21015022323 |
| 21015022458 |
| 21015022813 |
| 21015023590 |
| 21015023714 |
| 21015024198 |
| 21015024786 |
| 21015025259 |
| 21015025311 |
| 21015025801 |
| 21015026221 |
| 21015026953 |
| 21015026999 |
| 21015027658 |
| 21015027863 |
| 21015028014 |
| 21015028853 |
| 21015029665 |
| 21015029905 |
| 21015030092 |
| 21015030145 |
| 21015030617 |
| 21015030831 |
| 21015031215 |
| 21015031411 |
| 21015032054 |
| 21015032367 |
| 21015032401 |
| 21015032456 |
| 21015033188 |
| 21015033428 |
| 21015033552 |
| 21015033614 |
| 21015033972 |
| 21015034819 |
| 21015034828 |
| 21015035499 |
| 21015035694 |
| 21015035765 |
| 21015035872 |
| 21015036504 |
| 21015036871 |
| 21015037200 |
| 21015037317 |
| 21015037399 |
| 21015037601 |
| 21015037674 |
| 21015037754 |
| 21015037781 |
| 21015038307 |
| 21015038469 |
| 21015038487 |
| 21015038780 |
| 21015039066 |
| 21015040027 |
| 21015040312 |
| 21015040731 |
| 21015040946 |
| 21015041589 |
| 21015041650 |
| 21015041669 |
| 21015041990 |
| 21015042427 |
| 21015042490 |
| 21015042597 |
| 21015043113 |
| 21015043337 |
| 21015044452 |
| 21015044951 |
| 21015045585 |
| 21015046272 |
| 21015046423 |
| 21015046441 |
| 21015046806 |
| 21015047342 |
| 21015047725 |
| 21015047985 |
| 21015048537 |
| 21015048804 |
| 21015049634 |
| 21015049778 |
| 21015049983 |
| 21015050328 |
| 21015050587 |
| 21015050998 |
| 21015051194 |
| 21015051979 |
| 21015052022 |
| 21015052273 |
| 21015052371 |
| 21015052923 |
| 21015054538 |
| 21015054592 |
| 21015054930 |
| 21015054967 |
| 21015054994 |
| 21015055957 |
| 21015056000 |
| 21015056171 |
| 21015056224 |
| 21015057517 |
| 21015057679 |
| 21015058240 |
| 21015058767 |
| 21015059301 |
| 21015059551 |
| 21015060139 |
| 21015060219 |
| 21015061156 |
| 21015061245 |
| 21015062315 |
| 21015063270 |
| 21015063289 |
| 21015063751 |
| 21015063895 |
| 21015064821 |
| 21015065483 |
| 21015065571 |
| 21015065624 |
| 21015066151 |
| 21015066384 |
| 21015066455 |
| 21015066473 |
| 21015066543 |
| 21015066730 |
| 21015067436 |
| 21015067695 |
| 21015067720 |
| 21015067800 |
| 21015068550 |
| 21015068774 |
| 21015068792 |
| 21015068907 |
| 21015069292 |
| 21015069746 |
| 21015069871 |
| 21015070182 |
| 21015070397 |
| 21015070645 |
| 21015070805 |
| 21015071127 |
| 21015071485 |
| 21015071494 |
| 21015071591 |
| 21015071644 |
| 21015071671 |
| 21015071902 |
| 21015071993 |
| 21015072046 |
| 21015072126 |
| 21015072420 |
| 21015072732 |
| 21015072803 |
| 21015073045 |
| 21015073161 |
| 21015073624 |
| 21015074151 |
| 21015074231 |
| 21015074295 |
| 21015074357 |
| 21015075409 |
| 21015075524 |
| 21015075695 |
| 21015076159 |
| 21015076266 |
| 21015076514 |
| 21015076541 |
| 21015076738 |
| 21015076756 |
| 21015076783 |
| 21015076952 |
| 21015077103 |
| 21015077158 |
| 21015077425 |
| 21015077559 |
| 21015077700 |
| 21015077951 |
| 21015078497 |
| 21015078656 |
| 21015078843 |
| 21015079227 |
| 21015079432 |
| 21015079478 |
| 21015079815 |
| 21015079851 |
| 21015080313 |
| 21015080368 |
| 21015080714 |
| 21015080947 |
| 21015081651 |
| 21015081795 |
| 21015082758 |
| 21015082776 |
| 21015083034 |
| 21015083392 |
| 21015084328 |
| 21015084621 |
| 21015085112 |
| 21015085274 |
| 21015085746 |
| 21015086326 |
| 21015086610 |
| 21015087307 |
| 21015087316 |
| 21015087655 |
| 21015087888 |
| 21015087931 |
| 21015088333 |
| 21015088752 |
| 21015089948 |
| 21015090026 |
| 21015090071 |
| 21015090543 |
| 21015090696 |
| 21015090703 |
| 21015090865 |
| 21015091203 |
| 21015091597 |
| 21015092239 |
| 21015092462 |
| 21015092541 |
| 21015093229 |
| 21015093390 |
| 21015093602 |
| 21015093808 |
| 21015094200 |
| 21015094727 |
| 21015095209 |
| 21015095539 |
| 21015095655 |
| 21015096155 |
| 21015096164 |
| 21015096226 |
| 21015096645 |
| 21015096672 |
| 21015097001 |
| 21015097582 |
| 21015097886 |
| 21015097966 |
| 21015098778 |
| 21015098983 |
| 21015099063 |
| 21015099713 |
| 21015099991 |
| 29900000001 |
| 29900000002 |
| 29900000003 |
| 29900000004 |
| 31015001275 |
| 31015001337 |
| 31015001382 |
| 31015001863 |
| 31015002336 |
| 31015002595 |
| 31015003022 |
| 31015003086 |
| 31015003157 |
| 31015003200 |
| 31015003451 |
| 31015003576 |
| 31015003610 |
| 31015003736 |
| 31015003932 |
| 31015004165 |
| 31015004254 |
| 31015004762 |
| 31015004799 |
| 31015004888 |
| 31015005351 |
| 31015005752 |
| 31015005798 |
| 31015006591 |
| 31015006671 |
| 31015006751 |
| 31015007359 |
| 31015007536 |
| 31015007670 |
| 31015007938 |
| 31015007965 |
| 31015008447 |
| 31015008740 |
| 31015008777 |
| 31015009598 |
| 31015009749 |
| 31015009847 |
| 31015010345 |
| 31015010700 |
| 31015011013 |
| 31015011442 |
| 31015011488 |
| 31015011825 |
| 31015012138 |
| 31015012227 |
| 31015012325 |
| 31015012469 |
| 31015012548 |
| 31015013789 |
| 31015014127 |
| 31015014289 |
| 31015015028 |
| 31015015206 |
| 31015015395 |
| 31015015536 |
| 31015015607 |
| 31015015705 |
| 31015016161 |
| 31015016223 |
| 31015016429 |
| 31015016447 |
| 31015016946 |
| 31015017286 |
| 31015018383 |
| 31015018490 |
| 31015018604 |
| 31015019015 |
| 31015019596 |
| 31015020423 |
| 31015020593 |
| 31015020968 |
| 31015021217 |
| 31015021903 |
| 31015021985 |
| 31015022323 |
| 31015022458 |
| 31015022813 |
| 31015023590 |
| 31015023714 |
| 31015024198 |
| 31015024786 |
| 31015025259 |
| 31015025311 |
| 31015025801 |
| 31015026221 |
| 31015026953 |
| 31015026999 |
| 31015027658 |
| 31015027863 |
| 31015028853 |
| 31015029665 |
| 31015029905 |
| 31015030092 |
| 31015030145 |
| 31015030181 |
| 31015030617 |
| 31015030831 |
| 31015031215 |
| 31015031411 |
| 31015032054 |
| 31015032143 |
| 31015032367 |
| 31015032401 |
| 31015032456 |
| 31015033188 |
| 31015033428 |
| 31015033552 |
| 31015033614 |
| 31015033972 |
| 31015034819 |
| 31015034828 |
| 31015035499 |
| 31015035694 |
| 31015035765 |
| 31015035872 |
| 31015036504 |
| 31015036871 |
| 31015037200 |
| 31015037317 |
| 31015037399 |
| 31015037601 |
| 31015037674 |
| 31015037754 |
| 31015037781 |
| 31015038307 |
| 31015038469 |
| 31015038487 |
| 31015038780 |
| 31015039066 |
| 31015040027 |
| 31015040312 |
| 31015040731 |
| 31015040946 |
| 31015041589 |
| 31015041650 |
| 31015041669 |
| 31015041990 |
| 31015042427 |
| 31015042490 |
| 31015042597 |
| 31015043113 |
| 31015043337 |
| 31015044452 |
| 31015044951 |
| 31015045585 |
| 31015046272 |
| 31015046423 |
| 31015046441 |
| 31015046806 |
| 31015047342 |
| 31015047725 |
| 31015047985 |
| 31015048537 |
| 31015048804 |
| 31015049634 |
| 31015049778 |
| 31015049983 |
| 31015050328 |
| 31015050587 |
| 31015050998 |
| 31015051194 |
| 31015051979 |
| 31015052022 |
| 31015052273 |
| 31015052371 |
| 31015052923 |
| 31015054538 |
| 31015054592 |
| 31015054930 |
| 31015054967 |
| 31015054994 |
| 31015055957 |
| 31015056000 |
| 31015056171 |
| 31015056224 |
| 31015057517 |
| 31015057679 |
| 31015058240 |
| 31015058632 |
| 31015058767 |
| 31015059301 |
| 31015059551 |
| 31015060139 |
| 31015060219 |
| 31015061156 |
| 31015061245 |
| 31015062315 |
| 31015063270 |
| 31015063289 |
| 31015063751 |
| 31015063895 |
| 31015064821 |
| 31015065483 |
| 31015065571 |
| 31015065624 |
| 31015066151 |
| 31015066384 |
| 31015066455 |
| 31015066473 |
| 31015066543 |
| 31015066730 |
| 31015067043 |
| 31015067436 |
| 31015067695 |
| 31015067720 |
| 31015067800 |
| 31015068550 |
| 31015068774 |
| 31015068792 |
| 31015068907 |
| 31015069292 |
| 31015069746 |
| 31015069871 |
| 31015070182 |
| 31015070397 |
| 31015070645 |
| 31015070805 |
| 31015071127 |
| 31015071485 |
| 31015071494 |
| 31015071591 |
| 31015071644 |
| 31015071671 |
| 31015071902 |
| 31015071993 |
| 31015072046 |
| 31015072126 |
| 31015072420 |
| 31015072732 |
| 31015072803 |
| 31015073045 |
| 31015073161 |
| 31015073624 |
| 31015074151 |
| 31015074231 |
| 31015074295 |
| 31015074357 |
| 31015075409 |
| 31015075524 |
| 31015075695 |
| 31015076159 |
| 31015076266 |
| 31015076514 |
| 31015076541 |
| 31015076738 |
| 31015076756 |
| 31015076783 |
| 31015076952 |
| 31015077103 |
| 31015077158 |
| 31015077425 |
| 31015077559 |
| 31015077700 |
| 31015077871 |
| 31015077951 |
| 31015078497 |
| 31015078656 |
| 31015078843 |
| 31015079227 |
| 31015079432 |
| 31015079478 |
| 31015079815 |
| 31015079851 |
| 31015080313 |
| 31015080368 |
| 31015080714 |
| 31015080947 |
| 31015081651 |
| 31015081795 |
| 31015082758 |
| 31015082776 |
| 31015083034 |
| 31015083392 |
| 31015084328 |
| 31015084621 |
| 31015085112 |
| 31015085274 |
| 31015085746 |
| 31015086326 |
| 31015086610 |
| 31015087307 |
| 31015087316 |
| 31015087637 |
| 31015087655 |
| 31015087888 |
| 31015088333 |
| 31015088752 |
| 31015089421 |
| 31015089948 |
| 31015090026 |
| 31015090071 |
| 31015090543 |
| 31015090696 |
| 31015090703 |
| 31015090865 |
| 31015091597 |
| 31015092006 |
| 31015092239 |
| 31015092462 |
| 31015092541 |
| 31015093229 |
| 31015093390 |
| 31015093602 |
| 31015093808 |
| 31015094200 |
| 31015094727 |
| 31015095209 |
| 31015095539 |
| 31015095655 |
| 31015096155 |
| 31015096164 |
| 31015096226 |
| 31015096645 |
| 31015096672 |
| 31015097001 |
| 31015097582 |
| 31015097886 |
| 31015097966 |
| 31015098778 |
| 31015098983 |
| 31015099063 |
| 31015099713 |
| 31015099991 |
| 39900000001 |
| 39900000002 |
| 39900000003 |
| 39900000004 |
| 41015001275 |
| 41015001337 |
| 41015001382 |
| 41015002336 |
| 41015002595 |
| 41015003022 |
| 41015003086 |
| 41015003157 |
| 41015003200 |
| 41015003451 |
| 41015003576 |
| 41015003610 |
| 41015004165 |
| 41015004799 |
| 41015005351 |
| 41015005798 |
| 41015007359 |
| 41015007536 |
| 41015007670 |
| 41015007938 |
| 41015007965 |
| 41015008740 |
| 41015008777 |
| 41015009598 |
| 41015009847 |
| 41015010700 |
| 41015011013 |
| 41015011442 |
| 41015011488 |
| 41015011825 |
| 41015012227 |
| 41015012325 |
| 41015012548 |
| 41015014127 |
| 41015014289 |
| 41015015028 |
| 41015015206 |
| 41015015395 |
| 41015015607 |
| 41015016223 |
| 41015016429 |
| 41015016447 |
| 41015017286 |
| 41015018604 |
| 41015019015 |
| 41015019596 |
| 41015020423 |
| 41015020593 |
| 41015020968 |
| 41015021985 |
| 41015022458 |
| 41015022813 |
| 41015023590 |
| 41015024198 |
| 41015024786 |
| 41015025259 |
| 41015025311 |
| 41015026221 |
| 41015026953 |
| 41015026999 |
| 41015027658 |
| 41015028853 |
| 41015029665 |
| 41015029905 |
| 41015030092 |
| 41015030145 |
| 41015030181 |
| 41015030831 |
| 41015031411 |
| 41015032054 |
| 41015032143 |
| 41015032456 |
| 41015033188 |
| 41015034828 |
| 41015035499 |
| 41015035694 |
| 41015035872 |
| 41015036871 |
| 41015037200 |
| 41015037317 |
| 41015037399 |
| 41015037601 |
| 41015037674 |
| 41015038307 |
| 41015038469 |
| 41015038780 |
| 41015040027 |
| 41015040946 |
| 41015041650 |
| 41015041990 |
| 41015042427 |
| 41015043337 |
| 41015044951 |
| 41015046272 |
| 41015046423 |
| 41015047342 |
| 41015047985 |
| 41015048804 |
| 41015049778 |
| 41015050587 |
| 41015050998 |
| 41015051194 |
| 41015051979 |
| 41015052273 |
| 41015052923 |
| 41015054538 |
| 41015054930 |
| 41015054967 |
| 41015054994 |
| 41015055957 |
| 41015056000 |
| 41015056171 |
| 41015056224 |
| 41015057517 |
| 41015057679 |
| 41015058240 |
| 41015058632 |
| 41015059301 |
| 41015059551 |
| 41015060219 |
| 41015061156 |
| 41015061245 |
| 41015063270 |
| 41015063289 |
| 41015063751 |
| 41015065624 |
| 41015066384 |
| 41015066473 |
| 41015066730 |
| 41015067043 |
| 41015068774 |
| 41015069292 |
| 41015069746 |
| 41015069871 |
| 41015070182 |
| 41015070805 |
| 41015071127 |
| 41015071485 |
| 41015071494 |
| 41015071591 |
| 41015071644 |
| 41015071902 |
| 41015071993 |
| 41015072046 |
| 41015072126 |
| 41015072420 |
| 41015072732 |
| 41015072803 |
| 41015073045 |
| 41015073161 |
| 41015073624 |
| 41015074231 |
| 41015074295 |
| 41015074357 |
| 41015075409 |
| 41015075695 |
| 41015076159 |
| 41015076266 |
| 41015076738 |
| 41015076756 |
| 41015077103 |
| 41015077559 |
| 41015077871 |
| 41015077951 |
| 41015078656 |
| 41015078843 |
| 41015079227 |
| 41015079815 |
| 41015079851 |
| 41015080368 |
| 41015080947 |
| 41015081795 |
| 41015082758 |
| 41015083034 |
| 41015083392 |
| 41015084621 |
| 41015085274 |
| 41015085746 |
| 41015086326 |
| 41015086610 |
| 41015087307 |
| 41015087316 |
| 41015087931 |
| 41015088752 |
| 41015089421 |
| 41015090543 |
| 41015090865 |
| 41015091203 |
| 41015092006 |
| 41015092239 |
| 41015092462 |
| 41015092541 |
| 41015093229 |
| 41015093390 |
| 41015093808 |
| 41015094200 |
| 41015094727 |
| 41015095209 |
| 41015095539 |
| 41015095655 |
| 41015096155 |
| 41015096645 |
| 41015097582 |
| 41015097886 |
| 41015098983 |
| 41015099063 |
| 41015099991 |
| 49900000001 |
| 49900000002 |
| 99900000001 |
| 99900000002 |
| 99900000003 |
| 99900000004 |
+-------------+
1167 rows in set (0.068 sec)