+--------------+---------------+
| AMKA_patient | duration_days |
+--------------+---------------+
|  11015027827 |            22 |
|  11015045022 |            22 |
|  11015001845 |            21 |
|  11015042819 |            21 |
|  11015053389 |            21 |
|  11015056901 |            20 |
|  11015081367 |            20 |
|  11015083515 |            20 |
|  11015038682 |            19 |
|  11015084462 |            19 |
|  11015083249 |            16 |
|  11015088002 |            16 |
+--------------+---------------+
12 rows in set (0.010 sec)