+---------+--------------+-----------+----------------------------+---------+-------------------+-----------+
| urgency | distribution | mean_wait | hospitalization_percentage | urgency | dep_name          | dep_distr |
+---------+--------------+-----------+----------------------------+---------+-------------------+-----------+
|       1 |          112 |    5.2872 |                    83.9286 |       1 | Cardiology        |         6 |
|       1 |          112 |    5.2872 |                    83.9286 |       1 | Emergency         |         8 |
|       1 |          112 |    5.2872 |                    83.9286 |       1 | Gastroenterology  |         6 |
|       1 |          112 |    5.2872 |                    83.9286 |       1 | Gynecology        |         8 |
|       1 |          112 |    5.2872 |                    83.9286 |       1 | ICU               |         5 |
|       1 |          112 |    5.2872 |                    83.9286 |       1 | Internal Medicine |         5 |
|       1 |          112 |    5.2872 |                    83.9286 |       1 | Microbiology      |        15 |
|       1 |          112 |    5.2872 |                    83.9286 |       1 | Neurology         |         3 |
|       1 |          112 |    5.2872 |                    83.9286 |       1 | Ophthalmology     |         1 |
|       1 |          112 |    5.2872 |                    83.9286 |       1 | Orthopedics       |         4 |
|       1 |          112 |    5.2872 |                    83.9286 |       1 | Pediatrics        |         9 |
|       1 |          112 |    5.2872 |                    83.9286 |       1 | Pulmonology       |         5 |
|       1 |          112 |    5.2872 |                    83.9286 |       1 | Radiology         |         6 |
|       1 |          112 |    5.2872 |                    83.9286 |       1 | Surgery           |         9 |
|       1 |          112 |    5.2872 |                    83.9286 |       1 | Urology           |         2 |
|       2 |          112 |   14.5269 |                    83.0357 |       2 | Cardiology        |         3 |
|       2 |          112 |   14.5269 |                    83.0357 |       2 | Emergency         |         7 |
|       2 |          112 |   14.5269 |                    83.0357 |       2 | Gastroenterology  |         6 |
|       2 |          112 |   14.5269 |                    83.0357 |       2 | Gynecology        |         6 |
|       2 |          112 |   14.5269 |                    83.0357 |       2 | ICU               |         9 |
|       2 |          112 |   14.5269 |                    83.0357 |       2 | Internal Medicine |         4 |
|       2 |          112 |   14.5269 |                    83.0357 |       2 | Microbiology      |         3 |
|       2 |          112 |   14.5269 |                    83.0357 |       2 | Neurology         |         7 |
|       2 |          112 |   14.5269 |                    83.0357 |       2 | Ophthalmology     |         7 |
|       2 |          112 |   14.5269 |                    83.0357 |       2 | Orthopedics       |         3 |
|       2 |          112 |   14.5269 |                    83.0357 |       2 | Pediatrics        |         6 |
|       2 |          112 |   14.5269 |                    83.0357 |       2 | Pulmonology       |         8 |
|       2 |          112 |   14.5269 |                    83.0357 |       2 | Radiology         |         7 |
|       2 |          112 |   14.5269 |                    83.0357 |       2 | Surgery           |         5 |
|       2 |          112 |   14.5269 |                    83.0357 |       2 | Urology           |        10 |
|       3 |          140 |   24.6475 |                    87.1429 |       3 | Cardiology        |         8 |
|       3 |          140 |   24.6475 |                    87.1429 |       3 | Emergency         |         7 |
|       3 |          140 |   24.6475 |                    87.1429 |       3 | Gastroenterology  |         7 |
|       3 |          140 |   24.6475 |                    87.1429 |       3 | Gynecology        |        10 |
|       3 |          140 |   24.6475 |                    87.1429 |       3 | ICU               |         9 |
|       3 |          140 |   24.6475 |                    87.1429 |       3 | Internal Medicine |         9 |
|       3 |          140 |   24.6475 |                    87.1429 |       3 | Microbiology      |         9 |
|       3 |          140 |   24.6475 |                    87.1429 |       3 | Neurology         |         9 |
|       3 |          140 |   24.6475 |                    87.1429 |       3 | Ophthalmology     |         8 |
|       3 |          140 |   24.6475 |                    87.1429 |       3 | Orthopedics       |         6 |
|       3 |          140 |   24.6475 |                    87.1429 |       3 | Pediatrics        |         4 |
|       3 |          140 |   24.6475 |                    87.1429 |       3 | Pulmonology       |         5 |
|       3 |          140 |   24.6475 |                    87.1429 |       3 | Radiology         |        16 |
|       3 |          140 |   24.6475 |                    87.1429 |       3 | Surgery           |         6 |
|       3 |          140 |   24.6475 |                    87.1429 |       3 | Urology           |         7 |
|       4 |          122 |   35.5631 |                    84.4262 |       4 | Cardiology        |         8 |
|       4 |          122 |   35.5631 |                    84.4262 |       4 | Emergency         |         5 |
|       4 |          122 |   35.5631 |                    84.4262 |       4 | Gastroenterology  |         5 |
|       4 |          122 |   35.5631 |                    84.4262 |       4 | Gynecology        |         6 |
|       4 |          122 |   35.5631 |                    84.4262 |       4 | ICU               |        14 |
|       4 |          122 |   35.5631 |                    84.4262 |       4 | Internal Medicine |        10 |
|       4 |          122 |   35.5631 |                    84.4262 |       4 | Microbiology      |         5 |
|       4 |          122 |   35.5631 |                    84.4262 |       4 | Neurology         |         3 |
|       4 |          122 |   35.5631 |                    84.4262 |       4 | Ophthalmology     |         7 |
|       4 |          122 |   35.5631 |                    84.4262 |       4 | Orthopedics       |         4 |
|       4 |          122 |   35.5631 |                    84.4262 |       4 | Pediatrics        |         3 |
|       4 |          122 |   35.5631 |                    84.4262 |       4 | Pulmonology       |        13 |
|       4 |          122 |   35.5631 |                    84.4262 |       4 | Radiology         |         8 |
|       4 |          122 |   35.5631 |                    84.4262 |       4 | Surgery           |         3 |
|       4 |          122 |   35.5631 |                    84.4262 |       4 | Urology           |         8 |
|       5 |          122 |   45.6095 |                    86.0656 |       5 | Cardiology        |         6 |
|       5 |          122 |   45.6095 |                    86.0656 |       5 | Emergency         |         7 |
|       5 |          122 |   45.6095 |                    86.0656 |       5 | Gastroenterology  |         4 |
|       5 |          122 |   45.6095 |                    86.0656 |       5 | Gynecology        |         8 |
|       5 |          122 |   45.6095 |                    86.0656 |       5 | ICU               |         7 |
|       5 |          122 |   45.6095 |                    86.0656 |       5 | Internal Medicine |         8 |
|       5 |          122 |   45.6095 |                    86.0656 |       5 | Microbiology      |         9 |
|       5 |          122 |   45.6095 |                    86.0656 |       5 | Neurology         |         7 |
|       5 |          122 |   45.6095 |                    86.0656 |       5 | Ophthalmology     |         8 |
|       5 |          122 |   45.6095 |                    86.0656 |       5 | Orthopedics       |         5 |
|       5 |          122 |   45.6095 |                    86.0656 |       5 | Pediatrics        |         5 |
|       5 |          122 |   45.6095 |                    86.0656 |       5 | Pulmonology       |        12 |
|       5 |          122 |   45.6095 |                    86.0656 |       5 | Radiology         |         4 |
|       5 |          122 |   45.6095 |                    86.0656 |       5 | Surgery           |         5 |
|       5 |          122 |   45.6095 |                    86.0656 |       5 | Urology           |         8 |
+---------+--------------+-----------+----------------------------+---------+-------------------+-----------+
75 rows in set (0.013 sec)